cellList2Text returns string X, Y values?




horizontal quick spaceships
Rule is: B3 S2 3
Lattice matrix: [3,2,1,1]
Neighborhood: [[1,0],[2,0]]
Period:2 v=(2,0) |v|^2=8        -1 0 1;-2 -1 1;1 0 1;2 0 1;1 -1 1;3 0 1;2 -1 1
Period:2 v=(2,0) |v|^2=8        3 1 1;2 1 1;2 0 1;1 1 1;1 0 1;-1 1 1;-2 0 1
Period:2 v=(2,0) |v|^2=8        -2 0 1;-1 -1 1;1 0 1;0 -1 1;2 0 1;1 -1 1
Period:2 v=(2,0) |v|^2=8        -2 0 1;-1 -1 1;0 -1 1;1 -1 1;1 0 1;2 0 1
Period:2 v=(2,0) |v|^2=8        -2 1 1;-1 0 1;1 1 1;0 0 1;2 1 1;1 0 1
Period:2 v=(2,0) |v|^2=8        -3 0 1;0 1 1;1 1 1;0 0 1;2 1 1;1 0 1
Period:2 v=(2,0) |v|^2=8        1 0 1;2 1 1;0 0 1;1 1 1;-1 0 1;-2 1 1
Period:2 v=(2,0) |v|^2=8        -3 0 1;0 1 1;1 1 1;0 0 1;2 1 1;1 0 1


Rule is: B3 S2 4
Lattice matrix: [3,2,1,1]
Neighborhood: [[1,0],[2,0]]
Period:2 v=(2,0) |v|^2=8        -2 -1 1;0 0 1;0 -1 1;2 0 1;1 -1 1;3 0 1;2 -1 1
Period:2 v=(2,0) |v|^2=8        -2 -1 1;0 -1 1;0 0 1;1 -1 1;2 -1 1;2 0 1;3 0 1
Period:2 v=(2,0) |v|^2=8        -2 0 1;0 1 1;0 0 1;2 1 1;1 0 1;3 1 1;2 0 1
Period:4 v=(4,0) |v|^2=32       -2 -1 1;-1 -1 1;1 0 1;0 -1 1;2 0 1;1 -1 1

